m1=4.6;
m2=2.3;
l1=0.5;
l2=0.3;
g=9.8;
v=0;