m1=4.6;
m2=2.3;
m3=1.0;
l1=0.5;
l2=0.3;
g=9.8;
v=5;